8 0.3074829931972789 0.13127615062761505 0.3142857142857143 0.14173640167364016 0.31768707482993197 0.1412133891213389 0.3193877551020408 0.13336820083682008 0.3585034013605442 0.1344142259414226 0.36156462585034016 0.13702928870292888 0.3619047619047619 0.14801255230125523 0.3595238095238095 0.15428870292887029 0.32040816326530613 0.15481171548117154 0.3173469387755102 0.15219665271966526 0.3122448979591837 0.1553347280334728 0.3020408163265306 0.1553347280334728 0.29897959183673467 0.15219665271966526 0.3006802721088435 0.1412133891213389 0.30714285714285716 0.13127615062761505
15 0.6751700680272109 0.12186192468619247 0.6894557823129251 0.1365062761506276 0.682312925170068 0.14801255230125523 0.6904761904761905 0.1600418410041841 0.6901360544217687 0.1647489539748954 0.6595238095238095 0.16684100418410042 0.654421768707483 0.16579497907949792 0.654421768707483 0.15951882845188284 0.6639455782312925 0.15115062761506276 0.6642857142857143 0.14748953974895398 0.6571428571428571 0.14069037656903766 0.6574829931972789 0.1344142259414226 0.6687074829931973 0.12186192468619247 0.6748299319727891 0.12186192468619247
4 0.5506802721088435 0.22698744769874477 0.5540816326530612 0.23221757322175732 0.564625850340136 0.23535564853556484 0.5622448979591836 0.2583682008368201 0.5629251700680272 0.2756276150627615 0.5462585034013605 0.27876569037656906 0.49047619047619045 0.27824267782426776 0.4884353741496599 0.27615062761506276 0.4897959183673469 0.25313807531380755 0.48775510204081635 0.23744769874476987 0.49047619047619045 0.2280334728033473 0.4928571428571429 0.22646443514644352 0.49863945578231295 0.22646443514644352 0.5051020408163265 0.23221757322175732 0.5438775510204081 0.23221757322175732 0.5469387755102041 0.22751046025104602 0.5503401360544218 0.22698744769874477
14 0.33503401360544216 0.5392259414225942 0.34523809523809523 0.5407949790794979 0.34727891156462587 0.5434100418410042 0.34829931972789113 0.5638075313807531 0.345578231292517 0.5679916317991632 0.3299319727891156 0.5685146443514645 0.29489795918367345 0.5674686192468619 0.2931972789115646 0.5434100418410042 0.3013605442176871 0.5397489539748954 0.3346938775510204 0.5392259414225942
7 0.36700680272108843 0.5397489539748954 0.38605442176870747 0.5434100418410042 0.41156462585034015 0.5439330543933054 0.413265306122449 0.5465481171548117 0.413265306122449 0.5575313807531381 0.40782312925170067 0.5658995815899581 0.37517006802721087 0.5679916317991632 0.3595238095238095 0.5669456066945606 0.3551020408163265 0.5596234309623431 0.3547619047619048 0.553347280334728 0.3574829931972789 0.5444560669456067 0.3625850340136054 0.5392259414225942 0.36666666666666664 0.5397489539748954
9 0.4598639455782313 0.5345188284518828 0.46802721088435373 0.5407949790794979 0.5 0.5428870292887029 0.5017006802721088 0.5585774058577406 0.4996598639455782 0.5669456066945606 0.4496598639455782 0.5674686192468619 0.45 0.5538702928870293 0.454421768707483 0.5455020920502092 0.4561224489795918 0.5366108786610879 0.4595238095238095 0.5350418410041841
9 0.5047619047619047 0.5434100418410042 0.5401360544217687 0.5455020920502092 0.5462585034013605 0.553347280334728 0.5401360544217687 0.5674686192468619 0.5081632653061224 0.5679916317991632 0.5051020408163265 0.5664225941422594 0.5034013605442177 0.5611924686192469 0.503061224489796 0.5496861924686193 0.5047619047619047 0.5439330543933054
2 0.5921768707482993 0.5387029288702929 0.6285714285714286 0.5387029288702929 0.6326530612244898 0.5434100418410042 0.6319727891156462 0.5559623430962343 0.6292517006802721 0.5648535564853556 0.5925170068027211 0.5674686192468619 0.5836734693877551 0.5643305439330544 0.5799319727891157 0.5570083682008368 0.5826530612244898 0.5439330543933054 0.5863945578231292 0.5397489539748954 0.5918367346938775 0.5387029288702929
14 0.6673469387755102 0.5381799163179917 0.6942176870748299 0.5397489539748954 0.6965986394557823 0.5460251046025104 0.6965986394557823 0.5643305439330544 0.6891156462585034 0.5669456066945606 0.64421768707483 0.5653765690376569 0.64421768707483 0.5402719665271967 0.6670068027210885 0.5381799163179917
4 0.45850340136054424 0.20815899581589958 0.4738095238095238 0.21652719665271966 0.4775510204081633 0.223326359832636 0.4806122448979592 0.23901673640167365 0.4772108843537415 0.28190376569037656 0.4738095238095238 0.28661087866108786 0.463265306122449 0.2860878661087866 0.45374149659863944 0.29341004184100417 0.427891156462585 0.2834728033472803 0.42857142857142855 0.24267782426778242 0.42959183673469387 0.2348326359832636 0.43231292517006803 0.2301255230125523 0.43945578231292515 0.22698744769874477 0.43945578231292515 0.223326359832636 0.43537414965986393 0.22071129707112971 0.43537414965986393 0.21652719665271966 0.44387755102040816 0.20972803347280336 0.45816326530612245 0.20815899581589958
8 0.3078231292517007 0.13179916317991633 0.31564625850340133 0.1506276150627615 0.3153061224489796 0.15428870292887029 0.308843537414966 0.1553347280334728 0.3003401360544218 0.15481171548117154 0.29897959183673467 0.15115062761506276 0.3040816326530612 0.1344142259414226 0.3074829931972789 0.13179916317991633