14 0.6795918367346939 0.5376569037656904 0.6959183673469388 0.5407949790794979 0.6976190476190476 0.5606694560669456 0.6948979591836735 0.5674686192468619 0.6506802721088435 0.5674686192468619 0.6431972789115646 0.5643305439330544 0.64421768707483 0.5397489539748954 0.6792517006802721 0.5376569037656904
2 0.6278911564625851 0.5387029288702929 0.632312925170068 0.5434100418410042 0.632312925170068 0.555439330543933 0.6299319727891156 0.5648535564853556 0.5938775510204082 0.5674686192468619 0.5877551020408164 0.5669456066945606 0.5806122448979592 0.5601464435146444 0.5806122448979592 0.5486401673640168 0.5850340136054422 0.5407949790794979 0.6275510204081632 0.5387029288702929
9 0.5227891156462585 0.5418410041841004 0.5401360544217687 0.5449790794979079 0.545578231292517 0.5538702928870293 0.5425170068027211 0.5674686192468619 0.5302721088435374 0.5685146443514645 0.5051020408163265 0.5674686192468619 0.5034013605442177 0.5643305439330544 0.5047619047619047 0.5423640167364017 0.5224489795918368 0.5418410041841004
9 0.46122448979591835 0.5366108786610879 0.46870748299319726 0.5402719665271967 0.49863945578231295 0.5413179916317992 0.5010204081632653 0.5460251046025104 0.5010204081632653 0.5638075313807531 0.4993197278911565 0.5674686192468619 0.49523809523809526 0.5685146443514645 0.4493197278911565 0.5674686192468619 0.45 0.5528242677824268 0.4568027210884354 0.5371338912133892 0.4608843537414966 0.5366108786610879
7 0.36802721088435375 0.5397489539748954 0.3802721088435374 0.5434100418410042 0.41258503401360547 0.5444560669456067 0.4139455782312925 0.5543933054393305 0.4119047619047619 0.5617154811715481 0.40816326530612246 0.5658995815899581 0.3989795918367347 0.5679916317991632 0.3578231292517007 0.5658995815899581 0.3547619047619048 0.5580543933054394 0.3578231292517007 0.5434100418410042 0.3622448979591837 0.5392259414225942 0.36768707482993196 0.5397489539748954
14 0.31394557823129254 0.5397489539748954 0.34591836734693876 0.5413179916317992 0.3476190476190476 0.5455020920502092 0.3476190476190476 0.5664225941422594 0.34523809523809523 0.5685146443514645 0.295578231292517 0.5679916317991632 0.2938775510204082 0.5638075313807531 0.2931972789115646 0.5434100418410042 0.29591836734693877 0.5407949790794979 0.31360544217687075 0.5402719665271967
4 0.49863945578231295 0.22646443514644352 0.5061224489795918 0.23274058577405857 0.54421768707483 0.23221757322175732 0.5503401360544218 0.22698744769874477 0.5544217687074829 0.23274058577405857 0.5642857142857143 0.2337866108786611 0.5629251700680272 0.27615062761506276 0.5465986394557824 0.27876569037656906 0.4891156462585034 0.27719665271966526 0.4897959183673469 0.2536610878661088 0.48775510204081635 0.23744769874476987 0.49115646258503404 0.22698744769874477 0.49829931972789115 0.22646443514644352
8 0.30714285714285716 0.13127615062761505 0.3142857142857143 0.14225941422594143 0.3173469387755102 0.14330543933054393 0.3187074829931973 0.13493723849372385 0.32074829931972787 0.13336820083682008 0.3595238095238095 0.13493723849372385 0.3619047619047619 0.1412133891213389 0.3608843537414966 0.15271966527196654 0.3574829931972789 0.15481171548117154 0.3227891156462585 0.15481171548117154 0.3173469387755102 0.15115062761506276 0.31258503401360543 0.1553347280334728 0.3 0.15481171548117154 0.3 0.14330543933054393 0.30680272108843537 0.13179916317991633
15 0.6751700680272109 0.12186192468619247 0.6894557823129251 0.1365062761506276 0.6816326530612244 0.14748953974895398 0.6901360544217687 0.15951882845188284 0.6901360544217687 0.1647489539748954 0.6789115646258503 0.16631799163179917 0.654421768707483 0.16527196652719664 0.654421768707483 0.15951882845188284 0.6646258503401361 0.14958158995815898 0.6639455782312925 0.14644351464435146 0.6571428571428571 0.14069037656903766 0.6574829931972789 0.1344142259414226 0.6687074829931973 0.12186192468619247 0.6748299319727891 0.12186192468619247
4 0.4642857142857143 0.20972803347280336 0.47346938775510206 0.21652719665271966 0.4775510204081633 0.223326359832636 0.47993197278911565 0.2337866108786611 0.477891156462585 0.27824267782426776 0.4738095238095238 0.28661087866108786 0.4629251700680272 0.28661087866108786 0.454421768707483 0.29341004184100417 0.44625850340136053 0.29236401673640167 0.4414965986394558 0.2871338912133891 0.42857142857142855 0.2850418410041841 0.4272108843537415 0.2756276150627615 0.42925170068027213 0.23692468619246862 0.4316326530612245 0.23064853556485357 0.44013605442176873 0.22698744769874477 0.43945578231292515 0.22228033472803346 0.4350340136054422 0.22018828451882846 0.4380952380952381 0.21338912133891214 0.445578231292517 0.20920502092050208 0.4639455782312925 0.20972803347280336
8 0.30714285714285716 0.13127615062761505 0.31394557823129254 0.14435146443514643 0.3153061224489796 0.15428870292887029 0.29965986394557825 0.15428870292887029 0.3003401360544218 0.14278242677824268 0.30680272108843537 0.13179916317991633