8 0.3074829931972789 0.13127615062761505 0.31394557823129254 0.14225941422594143 0.3173469387755102 0.14382845188284518 0.31802721088435376 0.1365062761506276 0.32040816326530613 0.13336820083682008 0.35816326530612247 0.1344142259414226 0.36156462585034016 0.13702928870292888 0.36156462585034016 0.1506276150627615 0.35918367346938773 0.15428870292887029 0.32108843537414966 0.15481171548117154 0.3173469387755102 0.15115062761506276 0.3163265306122449 0.15428870292887029 0.3129251700680272 0.1553347280334728 0.29931972789115646 0.15376569037656904 0.3010204081632653 0.14069037656903766 0.30714285714285716 0.13127615062761505
4 0.49795918367346936 0.22594142259414227 0.504421768707483 0.23221757322175732 0.5085034013605442 0.23274058577405857 0.5438775510204081 0.23221757322175732 0.5469387755102041 0.22751046025104602 0.5503401360544218 0.22698744769874477 0.5534013605442177 0.23221757322175732 0.564625850340136 0.23430962343096234 0.5622448979591836 0.25418410041841005 0.5622448979591836 0.276673640167364 0.508843537414966 0.27876569037656906 0.49115646258503404 0.27876569037656906 0.4884353741496599 0.27615062761506276 0.4897959183673469 0.2536610878661088 0.48775510204081635 0.23744769874476987 0.49081632653061225 0.22698744769874477 0.4976190476190476 0.22594142259414227
15 0.6751700680272109 0.12186192468619247 0.6894557823129251 0.1365062761506276 0.6812925170068027 0.14748953974895398 0.6908163265306122 0.16056485355648537 0.6901360544217687 0.1647489539748954 0.6581632653061225 0.16684100418410042 0.654421768707483 0.16579497907949792 0.654421768707483 0.15951882845188284 0.6636054421768708 0.151673640167364 0.6646258503401361 0.14748953974895398 0.6571428571428571 0.14069037656903766 0.6574829931972789 0.1344142259414226 0.6687074829931973 0.12186192468619247 0.6748299319727891 0.12186192468619247
14 0.34285714285714286 0.5402719665271967 0.34727891156462587 0.5444560669456067 0.34727891156462587 0.5658995815899581 0.3299319727891156 0.5685146443514645 0.29523809523809524 0.5674686192468619 0.2935374149659864 0.5434100418410042 0.3 0.5402719665271967 0.34251700680272107 0.5402719665271967
7 0.36700680272108843 0.5392259414225942 0.3826530612244898 0.5434100418410042 0.41258503401360547 0.5444560669456067 0.4139455782312925 0.555439330543933 0.41122448979591836 0.5638075313807531 0.40034013605442176 0.5679916317991632 0.35816326530612247 0.5658995815899581 0.3551020408163265 0.5601464435146444 0.3554421768707483 0.5502092050209205 0.3598639455782313 0.5413179916317992 0.36666666666666664 0.5392259414225942
9 0.4608843537414966 0.5360878661087866 0.463265306122449 0.5397489539748954 0.46802721088435373 0.5407949790794979 0.49863945578231295 0.5413179916317992 0.5010204081632653 0.5465481171548117 0.5010204081632653 0.5643305439330544 0.4996598639455782 0.5674686192468619 0.495578231292517 0.5685146443514645 0.4493197278911565 0.5674686192468619 0.45 0.5523012552301255 0.45408163265306123 0.5460251046025104 0.4554421768707483 0.5376569037656904 0.4605442176870748 0.5360878661087866
9 0.5085034013605442 0.5428870292887029 0.539795918367347 0.5455020920502092 0.545578231292517 0.5528242677824268 0.5435374149659864 0.5643305439330544 0.5401360544217687 0.5674686192468619 0.5047619047619047 0.5664225941422594 0.5027210884353741 0.5606694560669456 0.503061224489796 0.5481171548117155 0.5047619047619047 0.5439330543933054 0.5081632653061224 0.5434100418410042
2 0.6278911564625851 0.5381799163179917 0.6326530612244898 0.5428870292887029 0.6302721088435375 0.5643305439330544 0.5935374149659864 0.5669456066945606 0.5846938775510204 0.5653765690376569 0.5806122448979592 0.5601464435146444 0.5802721088435374 0.5496861924686193 0.5850340136054422 0.5407949790794979 0.6275510204081632 0.5381799163179917
14 0.6928571428571428 0.5387029288702929 0.6959183673469388 0.5413179916317992 0.6972789115646258 0.5591004184100419 0.6965986394557823 0.5648535564853556 0.6931972789115646 0.5669456066945606 0.645578231292517 0.5658995815899581 0.6431972789115646 0.5638075313807531 0.6435374149659864 0.5418410041841004 0.6448979591836734 0.5397489539748954 0.6925170068027211 0.5387029288702929
4 0.45714285714285713 0.20815899581589958 0.463265306122449 0.20920502092050208 0.4738095238095238 0.21652719665271966 0.4775510204081633 0.223326359832636 0.4806122448979592 0.23901673640167365 0.4772108843537415 0.28190376569037656 0.47278911564625853 0.28661087866108786 0.463265306122449 0.2860878661087866 0.45408163265306123 0.29341004184100417 0.4465986394557823 0.29236401673640167 0.44047619047619047 0.28661087866108786 0.42857142857142855 0.2850418410041841 0.4272108843537415 0.27510460251046026 0.42959183673469387 0.23430962343096234 0.43197278911564624 0.2301255230125523 0.4391156462585034 0.22698744769874477 0.4387755102040816 0.22280334728033474 0.4357142857142857 0.22228033472803346 0.43537414965986393 0.21652719665271966 0.44421768707482995 0.20972803347280336 0.4568027210884354 0.20815899581589958
8 0.3074829931972789 0.13127615062761505 0.31564625850340133 0.1506276150627615 0.3153061224489796 0.15428870292887029 0.3085034013605442 0.1553347280334728 0.3003401360544218 0.15481171548117154 0.29897959183673467 0.15115062761506276 0.3013605442176871 0.14069037656903766 0.30714285714285716 0.13127615062761505