8 0.3074829931972789 0.13127615062761505 0.3142857142857143 0.14225941422594143 0.3173469387755102 0.14330543933054393 0.31802721088435376 0.13598326359832635 0.32006802721088434 0.13336820083682008 0.3585034013605442 0.1344142259414226 0.36156462585034016 0.13702928870292888 0.36156462585034016 0.1506276150627615 0.35918367346938773 0.15428870292887029 0.32074829931972787 0.15481171548117154 0.31768707482993197 0.1506276150627615 0.3159863945578231 0.15428870292887029 0.3122448979591837 0.1553347280334728 0.30238095238095236 0.1553347280334728 0.29897959183673467 0.15219665271966526 0.3006802721088435 0.1412133891213389 0.30714285714285716 0.13127615062761505
15 0.6731292517006803 0.12133891213389121 0.6894557823129251 0.1365062761506276 0.680952380952381 0.14748953974895398 0.6904761904761905 0.1600418410041841 0.6901360544217687 0.1647489539748954 0.6789115646258503 0.16631799163179917 0.654421768707483 0.16527196652719664 0.654421768707483 0.15951882845188284 0.6646258503401361 0.1506276150627615 0.6636054421768708 0.1459205020920502 0.6571428571428571 0.1401673640167364 0.6574829931972789 0.1344142259414226 0.6683673469387755 0.12186192468619247 0.6727891156462585 0.12133891213389121
4 0.49863945578231295 0.22646443514644352 0.5078231292517007 0.23274058577405857 0.5438775510204081 0.23221757322175732 0.5469387755102041 0.22751046025104602 0.5506802721088435 0.22698744769874477 0.5530612244897959 0.23169456066945607 0.564625850340136 0.2348326359832636 0.5622448979591836 0.25523012552301255 0.5622448979591836 0.276673640167364 0.508843537414966 0.27876569037656906 0.49047619047619045 0.27824267782426776 0.4884353741496599 0.2756276150627615 0.4897959183673469 0.2536610878661088 0.48775510204081635 0.23744769874476987 0.4914965986394558 0.22698744769874477 0.49829931972789115 0.22646443514644352
14 0.34523809523809523 0.5407949790794979 0.3476190476190476 0.5460251046025104 0.3476190476190476 0.5664225941422594 0.33197278911564626 0.5685146443514645 0.2945578231292517 0.5674686192468619 0.29285714285714287 0.5428870292887029 0.2965986394557823 0.5402719665271967 0.3448979591836735 0.5407949790794979
7 0.36666666666666664 0.5392259414225942 0.38333333333333336 0.5439330543933054 0.4129251700680272 0.5449790794979079 0.41360544217687073 0.5570083682008368 0.41122448979591836 0.5632845188284519 0.39727891156462586 0.5679916317991632 0.35918367346938773 0.5669456066945606 0.3551020408163265 0.5606694560669456 0.3551020408163265 0.5502092050209205 0.3578231292517007 0.5428870292887029 0.3663265306122449 0.5392259414225942
9 0.4598639455782313 0.5360878661087866 0.46870748299319726 0.5407949790794979 0.49795918367346936 0.5407949790794979 0.5010204081632653 0.5460251046025104 0.5006802721088436 0.5653765690376569 0.49489795918367346 0.5685146443514645 0.45 0.5679916317991632 0.4496598639455782 0.553347280334728 0.45476190476190476 0.5455020920502092 0.4561224489795918 0.5381799163179917 0.4595238095238095 0.5366108786610879
9 0.5115646258503401 0.5449790794979079 0.5401360544217687 0.5475941422594143 0.5459183673469388 0.5528242677824268 0.5452380952380952 0.5585774058577406 0.539795918367347 0.5658995815899581 0.5129251700680272 0.5679916317991632 0.5051020408163265 0.5669456066945606 0.5027210884353741 0.5585774058577406 0.5037414965986394 0.547071129707113 0.5112244897959184 0.5449790794979079
2 0.5931972789115646 0.5392259414225942 0.5979591836734693 0.5439330543933054 0.5979591836734693 0.5591004184100419 0.5962585034013606 0.5653765690376569 0.5918367346938775 0.5679916317991632 0.5836734693877551 0.5643305439330544 0.5806122448979592 0.5591004184100419 0.5802721088435374 0.5502092050209205 0.5846938775510204 0.5407949790794979 0.5928571428571429 0.5392259414225942
14 0.6785714285714286 0.5376569037656904 0.6925170068027211 0.5387029288702929 0.6955782312925171 0.5413179916317992 0.6969387755102041 0.5627615062761506 0.6938775510204082 0.5669456066945606 0.6469387755102041 0.5664225941422594 0.6435374149659864 0.5638075313807531 0.6431972789115646 0.5434100418410042 0.6452380952380953 0.5397489539748954 0.6782312925170068 0.5376569037656904
4 0.4574829931972789 0.20815899581589958 0.4704081632653061 0.21286610878661089 0.47346938775510206 0.21652719665271966 0.4775510204081633 0.223326359832636 0.4806122448979592 0.2405857740585774 0.4772108843537415 0.28190376569037656 0.4741496598639456 0.2860878661087866 0.46258503401360546 0.28661087866108786 0.45374149659863944 0.29341004184100417 0.4459183673469388 0.2918410041841004 0.4418367346938776 0.2871338912133891 0.42891156462585034 0.2850418410041841 0.4275510204081633 0.26359832635983266 0.42959183673469387 0.2348326359832636 0.43197278911564624 0.2301255230125523 0.4387755102040816 0.22698744769874477 0.4384353741496599 0.22384937238493724 0.43537414965986393 0.2217573221757322 0.43537414965986393 0.21652719665271966 0.44387755102040816 0.20972803347280336 0.45714285714285713 0.20815899581589958
8 0.3074829931972789 0.14356694560669456 0.017006802721088437 0.024581589958158997