4 0.26564625850340134 0.28765690376569036 0.2758503401360544 0.2928870292887029 0.28197278911564627 0.301255230125523 0.2860544217687075 0.3138075313807531 0.286734693877551 0.3284518828451883 0.28503401360544217 0.350418410041841 0.2829931972789116 0.3561715481171548 0.2717687074829932 0.35669456066945604 0.2653061224489796 0.3608786610878661 0.2571428571428571 0.35930962343096234 0.25170068027210885 0.3530334728033473 0.241156462585034 0.35094142259414224 0.23843537414965987 0.3446652719665272 0.24149659863945577 0.30387029288702927 0.24829931972789115 0.2996861924686193 0.24727891156462586 0.2928870292887029 0.2503401360544218 0.2881799163179916 0.2653061224489796 0.28765690376569036
4 0.3112244897959184 0.32897489539748953 0.3408163265306122 0.3352510460251046 0.34285714285714286 0.3352510460251046 0.34523809523809523 0.32897489539748953 0.345578231292517 0.33472803347280333 0.35340136054421767 0.3410041841004184 0.3551020408163265 0.34518828451882844 0.3551020408163265 0.36297071129707115 0.3523809523809524 0.3682008368200837 0.29523809523809524 0.35355648535564854 0.2965986394557823 0.33158995815899583 0.30374149659863947 0.32792887029288703 0.3108843537414966 0.32897489539748953
15 0.42857142857142855 0.26673640167364016 0.4380952380952381 0.27981171548117156 0.43605442176870746 0.2897489539748954 0.4387755102040816 0.3002092050209205 0.4357142857142857 0.301255230125523 0.42244897959183675 0.2965481171548117 0.41904761904761906 0.2928870292887029 0.41802721088435374 0.274581589958159 0.42448979591836733 0.2672594142259414 0.4282312925170068 0.26673640167364016
14 0.1520408163265306 0.5862970711297071 0.15476190476190477 0.6035564853556485 0.15340136054421769 0.6119246861924686 0.11904761904761904 0.6166317991631799 0.09115646258503401 0.6161087866108786 0.08945578231292517 0.5904811715481172 0.09829931972789116 0.5868200836820083 0.15170068027210884 0.5862970711297071
7 0.17346938775510204 0.5842050209205021 0.2207482993197279 0.5862970711297071 0.22585034013605443 0.5920502092050209 0.22448979591836735 0.5988493723849372 0.21802721088435373 0.6093096234309623 0.18027210884353742 0.6119246861924686 0.16700680272108845 0.6114016736401674 0.16258503401360544 0.6056485355648535 0.1619047619047619 0.5983263598326359 0.16360544217687076 0.5920502092050209 0.16768707482993198 0.5862970711297071 0.17312925170068028 0.5842050209205021
9 0.2653061224489796 0.5794979079497908 0.272108843537415 0.5826359832635983 0.2795918367346939 0.5800209205020921 0.29931972789115646 0.5800209205020921 0.30374149659863947 0.5815899581589958 0.30612244897959184 0.5868200836820083 0.3054421768707483 0.6019874476987448 0.3034013605442177 0.604602510460251 0.2619047619047619 0.6082635983263598 0.25918367346938775 0.6056485355648535 0.25918367346938775 0.5983263598326359 0.2653061224489796 0.5800209205020921
9 0.33877551020408164 0.5862970711297071 0.341156462585034 0.5915271966527197 0.33945578231292517 0.5978033472803347 0.3258503401360544 0.5993723849372385 0.31054421768707485 0.5978033472803347 0.31054421768707485 0.5883891213389121 0.33843537414965985 0.5862970711297071
14 0.25170068027210885 0.45658995815899583 0.25816326530612244 0.45972803347280333 0.2904761904761905 0.46129707112970714 0.30272108843537415 0.4592050209205021 0.3268707482993197 0.46338912133891214 0.34183673469387754 0.4618200836820084 0.35374149659863946 0.4675732217573222 0.35408163265306125 0.48221757322175735 0.3380952380952381 0.48430962343096234 0.241156462585034 0.47751046025104604 0.23741496598639455 0.47489539748953974 0.23741496598639455 0.4602510460251046 0.25136054421768705 0.4571129707112971
2 0.38231292517006804 0.5768828451882845 0.3982993197278912 0.5768828451882845 0.3979591836734694 0.5915271966527197 0.39387755102040817 0.5988493723849372 0.37891156462585035 0.6009414225941423 0.37244897959183676 0.5978033472803347 0.3707482993197279 0.5847280334728033 0.3727891156462585 0.5774058577405857 0.38197278911564625 0.5768828451882845
12 0.5306122448979592 0.5774058577405857 0.536734693877551 0.5852510460251046 0.5380952380952381 0.5983263598326359 0.5350340136054422 0.600418410041841 0.5139455782312925 0.5993723849372385 0.5098639455782313 0.5951882845188284 0.5119047619047619 0.5810669456066946 0.5180272108843538 0.577928870292887 0.5302721088435374 0.5774058577405857
16 0.8214285714285714 0.3797071129707113 0.8241496598639456 0.38284518828451886 0.8241496598639456 0.39173640167364016 0.8197278911564626 0.42782426778242677 0.8173469387755102 0.4320083682008368 0.7619047619047619 0.4429916317991632 0.7561224489795918 0.4429916317991632 0.754421768707483 0.44037656903765693 0.7564625850340136 0.40794979079497906 0.758843537414966 0.39644351464435146 0.8210884353741497 0.3797071129707113
7 0.6568027210884354 0.5763598326359832 0.6608843537414966 0.5794979079497908 0.6901360544217687 0.5815899581589958 0.6979591836734694 0.5847280334728033 0.6989795918367347 0.5988493723849372 0.6931972789115646 0.6061715481171548 0.6836734693877551 0.606694560669456 0.6615646258503401 0.6040794979079498 0.65 0.6056485355648535 0.6465986394557823 0.5983263598326359 0.6476190476190476 0.5852510460251046 0.6520408163265307 0.577928870292887 0.6564625850340136 0.5763598326359832
10 0.8074829931972789 0.5643305439330544 0.8115646258503402 0.5711297071129707 0.8085034013605442 0.5988493723849372 0.8142857142857143 0.5998953974895398 0.8241496598639456 0.5904811715481172 0.8248299319727891 0.5951882845188284 0.8173469387755102 0.6093096234309623 0.8037414965986395 0.6150627615062761 0.7724489795918368 0.606694560669456 0.7619047619047619 0.6093096234309623 0.7598639455782313 0.6051255230125523 0.7615646258503401 0.6009414225941423 0.7687074829931972 0.5951882845188284 0.7663265306122449 0.5810669456066946 0.7673469387755102 0.5674686192468619 0.7959183673469388 0.5690376569037657 0.8034013605442177 0.5632845188284519 0.8071428571428572 0.5643305439330544