8 0.30714285714285716 0.13127615062761505 0.31394557823129254 0.14225941422594143 0.3163265306122449 0.14278242677824268 0.32006802721088434 0.13336820083682008 0.3595238095238095 0.13493723849372385 0.36156462585034016 0.13702928870292888 0.3608843537414966 0.15219665271966526 0.35714285714285715 0.15481171548117154 0.32074829931972787 0.15481171548117154 0.31768707482993197 0.15115062761506276 0.3153061224489796 0.15481171548117154 0.3 0.15481171548117154 0.3 0.14330543933054393 0.30680272108843537 0.13179916317991633
4 0.4989795918367347 0.22646443514644352 0.5071428571428571 0.23274058577405857 0.5438775510204081 0.23221757322175732 0.5503401360544218 0.22698744769874477 0.5527210884353742 0.23169456066945607 0.564625850340136 0.23430962343096234 0.5622448979591836 0.276673640167364 0.5227891156462585 0.27876569037656906 0.49115646258503404 0.27876569037656906 0.4880952380952381 0.2756276150627615 0.4897959183673469 0.25784518828451886 0.4880952380952381 0.23692468619246862 0.49081632653061225 0.22698744769874477 0.49863945578231295 0.22646443514644352
14 0.6758503401360544 0.12238493723849372 0.6894557823129251 0.1365062761506276 0.682312925170068 0.14748953974895398 0.6904761904761905 0.1600418410041841 0.6901360544217687 0.1647489539748954 0.6605442176870748 0.16684100418410042 0.654421768707483 0.16579497907949792 0.654421768707483 0.15951882845188284 0.6639455782312925 0.14905857740585773 0.6571428571428571 0.14069037656903766 0.6574829931972789 0.1344142259414226 0.6683673469387755 0.12186192468619247 0.6755102040816326 0.12238493723849372
13 0.3054421768707483 0.5397489539748954 0.34591836734693876 0.5413179916317992 0.3476190476190476 0.5455020920502092 0.3476190476190476 0.5658995815899581 0.32857142857142857 0.5690376569037657 0.2945578231292517 0.5674686192468619 0.2931972789115646 0.5428870292887029 0.3051020408163265 0.5397489539748954
7 0.36768707482993196 0.5397489539748954 0.37993197278911567 0.5434100418410042 0.4085034013605442 0.5434100418410042 0.413265306122449 0.5460251046025104 0.41360544217687073 0.5570083682008368 0.40816326530612246 0.5658995815899581 0.3806122448979592 0.5679916317991632 0.36496598639455785 0.5679916317991632 0.35680272108843536 0.5643305439330544 0.3547619047619048 0.553347280334728 0.3578231292517007 0.5434100418410042 0.3625850340136054 0.5392259414225942 0.3673469387755102 0.5397489539748954
9 0.4602040816326531 0.5376569037656904 0.463265306122449 0.5413179916317992 0.4670068027210884 0.5392259414225942 0.4993197278911565 0.5418410041841004 0.501360544217687 0.5465481171548117 0.5010204081632653 0.5638075313807531 0.4993197278911565 0.5674686192468619 0.49489795918367346 0.5685146443514645 0.4493197278911565 0.5674686192468619 0.4493197278911565 0.5564853556485355 0.4554421768707483 0.5387029288702929 0.4598639455782313 0.5376569037656904
9 0.5173469387755102 0.5444560669456067 0.5394557823129251 0.5460251046025104 0.5459183673469388 0.5528242677824268 0.5431972789115647 0.5648535564853556 0.5268707482993197 0.5674686192468619 0.5081632653061224 0.5669456066945606 0.5037414965986394 0.5638075313807531 0.503061224489796 0.5517782426778243 0.5051020408163265 0.5444560669456067 0.5170068027210885 0.5444560669456067
2 0.6272108843537415 0.5387029288702929 0.632312925170068 0.5428870292887029 0.6302721088435375 0.5643305439330544 0.5918367346938775 0.5674686192468619 0.5843537414965987 0.5648535564853556 0.5802721088435374 0.5585774058577406 0.5802721088435374 0.5496861924686193 0.5843537414965987 0.5413179916317992 0.5874149659863945 0.5392259414225942 0.6268707482993198 0.5387029288702929
13 0.682312925170068 0.5381799163179917 0.6928571428571428 0.5387029288702929 0.6962585034013605 0.5423640167364017 0.6972789115646258 0.5622384937238494 0.6942176870748299 0.5669456066945606 0.6452380952380953 0.5658995815899581 0.6431972789115646 0.5638075313807531 0.6445578231292517 0.5397489539748954 0.6819727891156463 0.5381799163179917
4 0.45850340136054424 0.20815899581589958 0.4738095238095238 0.21652719665271966 0.477891156462585 0.22384937238493724 0.4806122448979592 0.24006276150627615 0.4772108843537415 0.28190376569037656 0.4741496598639456 0.2860878661087866 0.4629251700680272 0.28661087866108786 0.45408163265306123 0.29341004184100417 0.4465986394557823 0.29236401673640167 0.4418367346938776 0.2871338912133891 0.42891156462585034 0.2850418410041841 0.4275510204081633 0.28190376569037656 0.427891156462585 0.25732217573221755 0.42993197278911566 0.2337866108786611 0.4391156462585034 0.22698744769874477 0.43537414965986393 0.2217573221757322 0.43537414965986393 0.21652719665271966 0.44387755102040816 0.20972803347280336 0.45816326530612245 0.20815899581589958
8 0.30714285714285716 0.13127615062761505 0.31360544217687075 0.14382845188284518 0.3153061224489796 0.15428870292887029 0.29931972789115646 0.15376569037656904 0.3006802721088435 0.14225941422594143 0.30680272108843537 0.13179916317991633