4 0.26258503401360545 0.2871338912133891 0.2792517006802721 0.2965481171548117 0.28537414965986396 0.3158995815899582 0.282312925170068 0.33002092050209203 0.28503401360544217 0.34414225941422594 0.2836734693877551 0.3540794979079498 0.2795918367346939 0.35721757322175735 0.2717687074829932 0.35669456066945604 0.26598639455782314 0.3608786610878661 0.2585034013605442 0.36035564853556484 0.25170068027210885 0.3530334728033473 0.241156462585034 0.35094142259414224 0.23843537414965987 0.3425732217573222 0.241156462585034 0.3054393305439331 0.24829931972789115 0.2996861924686193 0.24727891156462586 0.2928870292887029 0.24863945578231292 0.2897489539748954 0.26224489795918365 0.2871338912133891
8 0.1391156462585034 0.18880753138075315 0.1738095238095238 0.19926778242677826 0.1758503401360544 0.2055439330543933 0.17517006802721088 0.2170502092050209 0.1336734693877551 0.20763598326359833 0.1272108843537415 0.20292887029288703 0.13095238095238096 0.18828451882845187 0.13877551020408163 0.18880753138075315
14 0.42891156462585034 0.2672594142259414 0.4380952380952381 0.28085774058577406 0.4340136054421769 0.2897489539748954 0.43945578231292515 0.29811715481171547 0.4377551020408163 0.30177824267782427 0.42210884353741496 0.29811715481171547 0.4170068027210884 0.2939330543933054 0.42108843537414964 0.28661087866108786 0.41802721088435374 0.27510460251046026 0.4248299319727891 0.2672594142259414 0.42857142857142855 0.2672594142259414
13 0.2534013605442177 0.4581589958158996 0.2619047619047619 0.46077405857740583 0.34523809523809523 0.46234309623430964 0.35340136054421767 0.4665271966527197 0.35034013605442177 0.48064853556485354 0.34727891156462587 0.48326359832635984 0.2724489795918367 0.4811715481171548 0.24013605442176872 0.47751046025104604 0.23741496598639455 0.4743723849372385 0.23775510204081632 0.45972803347280333 0.2530612244897959 0.4581589958158996
13 0.13945578231292516 0.5862970711297071 0.1510204081632653 0.5857740585774058 0.15306122448979592 0.5883891213389121 0.1554421768707483 0.6061715481171548 0.154421768707483 0.6124476987447699 0.11156462585034013 0.6171548117154811 0.08979591836734693 0.6161087866108786 0.08877551020408163 0.5899581589958159 0.09693877551020408 0.5868200836820083 0.1391156462585034 0.5862970711297071
7 0.1782312925170068 0.5847280334728033 0.2193877551020408 0.5862970711297071 0.22551020408163266 0.5910041841004184 0.22448979591836735 0.5993723849372385 0.2173469387755102 0.6093096234309623 0.18401360544217688 0.6124476987447699 0.16768707482993198 0.6119246861924686 0.16224489795918368 0.6056485355648535 0.16326530612244897 0.5925732217573222 0.1673469387755102 0.5862970711297071 0.17789115646258502 0.5847280334728033
9 0.2653061224489796 0.5794979079497908 0.272108843537415 0.5826359832635983 0.2789115646258503 0.5800209205020921 0.30170068027210883 0.5805439330543933 0.3054421768707483 0.5847280334728033 0.30374149659863947 0.604602510460251 0.2615646258503401 0.6082635983263598 0.25918367346938775 0.6061715481171548 0.25918367346938775 0.5983263598326359 0.2653061224489796 0.5800209205020921
9 0.3391156462585034 0.5847280334728033 0.341156462585034 0.5972803347280334 0.33843537414965985 0.6009414225941423 0.3108843537414966 0.6019874476987448 0.3081632653061224 0.5983263598326359 0.3085034013605442 0.5889121338912134 0.31054421768707485 0.5852510460251046 0.33877551020408164 0.5847280334728033
11 0.5329931972789116 0.5789748953974896 0.5370748299319728 0.5983263598326359 0.5340136054421769 0.6014644351464435 0.5122448979591837 0.5988493723849372 0.5091836734693878 0.5936192468619247 0.5115646258503401 0.5826359832635983 0.5156462585034014 0.5789748953974896 0.5326530612244897 0.5789748953974896
7 0.6557823129251701 0.5763598326359832 0.6612244897959184 0.5810669456066946 0.672108843537415 0.5800209205020921 0.6965986394557823 0.5842050209205021 0.6982993197278912 0.5962343096234309 0.6955782312925171 0.6030334728033473 0.6928571428571428 0.6056485355648535 0.676530612244898 0.606694560669456 0.6489795918367347 0.6051255230125523 0.6462585034013606 0.5951882845188284 0.6472789115646258 0.5868200836820083 0.6510204081632653 0.5789748953974896 0.6554421768707483 0.5763598326359832
15 0.8214285714285714 0.38023012552301255 0.8244897959183674 0.3833682008368201 0.8241496598639456 0.3891213389121339 0.8210884353741497 0.41841004184100417 0.8173469387755102 0.4320083682008368 0.7612244897959184 0.4435146443514644 0.7557823129251701 0.4429916317991632 0.754421768707483 0.4393305439330544 0.7568027210884354 0.40585774058577406 0.7591836734693878 0.3969665271966527 0.8210884353741497 0.38023012552301255
10 0.8037414965986395 0.5606694560669456 0.8085034013605442 0.5643305439330544 0.8115646258503402 0.5706066945606695 0.8098639455782313 0.5894351464435147 0.8071428571428572 0.5930962343096234 0.7996598639455782 0.5930962343096234 0.7972789115646258 0.5957112970711297 0.8071428571428572 0.6035564853556485 0.8173469387755102 0.5993723849372385 0.8244897959183674 0.5899581589958159 0.8244897959183674 0.5978033472803347 0.8217687074829932 0.6035564853556485 0.8139455782312925 0.6119246861924686 0.8040816326530612 0.6150627615062761 0.7761904761904762 0.606694560669456 0.7619047619047619 0.608786610878661 0.7598639455782313 0.6061715481171548 0.7615646258503401 0.6014644351464435 0.7687074829931972 0.5951882845188284 0.7666666666666667 0.5883891213389121 0.7680272108843538 0.5674686192468619 0.7965986394557824 0.569560669456067 0.8034013605442177 0.5611924686192469