4 0.49795918367346936 0.22384937238493724 0.507482993197279 0.23169456066945607 0.5435374149659864 0.22960251046025104 0.5503401360544218 0.22541841004184102 0.5551020408163265 0.23117154811715482 0.5653061224489796 0.2337866108786611 0.564625850340136 0.24790794979079497 0.5625850340136055 0.2536610878661088 0.5636054421768707 0.2735355648535565 0.5622448979591836 0.27719665271966526 0.507482993197279 0.2803347280334728 0.48775510204081635 0.27876569037656906 0.4860544217687075 0.27615062761506276 0.4891156462585034 0.2651673640167364 0.4891156462585034 0.22698744769874477 0.4976190476190476 0.22384937238493724
14 0.6758503401360544 0.12186192468619247 0.6894557823129251 0.1365062761506276 0.6826530612244898 0.14748953974895398 0.6904761904761905 0.15951882845188284 0.6904761904761905 0.1647489539748954 0.6639455782312925 0.16684100418410042 0.6540816326530612 0.16527196652719664 0.6547619047619048 0.15847280334728034 0.6649659863945578 0.1506276150627615 0.6571428571428571 0.14069037656903766 0.6568027210884354 0.13598326359832635 0.6687074829931973 0.12186192468619247 0.6755102040816326 0.12186192468619247
8 0.3074829931972789 0.13127615062761505 0.31394557823129254 0.14069037656903766 0.3163265306122449 0.13912133891213388 0.3173469387755102 0.13336820083682008 0.32006802721088434 0.13284518828451883 0.3598639455782313 0.13493723849372385 0.3622448979591837 0.14382845188284518 0.3598639455782313 0.15428870292887029 0.34251700680272107 0.1553347280334728 0.32006802721088434 0.15481171548117154 0.31768707482993197 0.151673640167364 0.31462585034013607 0.15481171548117154 0.3 0.15481171548117154 0.3 0.14330543933054393 0.3040816326530612 0.13336820083682008 0.30714285714285716 0.13127615062761505
2 0.6268707482993198 0.5381799163179917 0.632312925170068 0.5428870292887029 0.6299319727891156 0.5638075313807531 0.5938775510204082 0.5669456066945606 0.5857142857142857 0.5658995815899581 0.580952380952381 0.5606694560669456 0.5802721088435374 0.5502092050209205 0.5843537414965987 0.5413179916317992 0.60578231292517 0.5387029288702929 0.6204081632653061 0.5407949790794979 0.6265306122448979 0.5381799163179917
13 0.6561224489795918 0.5381799163179917 0.6942176870748299 0.5392259414225942 0.6965986394557823 0.5455020920502092 0.6969387755102041 0.5627615062761506 0.6955782312925171 0.5658995815899581 0.6894557823129251 0.5669456066945606 0.64421768707483 0.5648535564853556 0.64421768707483 0.5402719665271967 0.6557823129251701 0.5381799163179917
13 0.3064625850340136 0.5397489539748954 0.345578231292517 0.5413179916317992 0.3489795918367347 0.5570083682008368 0.3479591836734694 0.5643305439330544 0.3435374149659864 0.5679916317991632 0.33095238095238094 0.5685146443514645 0.2942176870748299 0.5674686192468619 0.2931972789115646 0.5428870292887029 0.29625850340136056 0.5402719665271967 0.30612244897959184 0.5397489539748954
9 0.02959183673469388 0.696652719665272 0.030952380952380953 0.6992677824267782 0.029931972789115645 0.7248953974895398 0.015646258503401362 0.7269874476987448 0.011564625850340135 0.7233263598326359 0.0017006802721088435 0.7280334728033473 0 0.7280334728033473 0 0.7149581589958159 0.011904761904761904 0.7128661087866108 0.017346938775510204 0.702928870292887 0.029251700680272108 0.696652719665272
4 0.4602040816326531 0.20815899581589958 0.4710884353741497 0.21338912133891214 0.477891156462585 0.22384937238493724 0.48095238095238096 0.23744769874476987 0.47959183673469385 0.26098326359832635 0.477891156462585 0.27981171548117156 0.47585034013605443 0.28451882845188287 0.4629251700680272 0.2871338912133891 0.454421768707483 0.29341004184100417 0.4486394557823129 0.29341004184100417 0.44013605442176873 0.2871338912133891 0.430952380952381 0.28661087866108786 0.4275510204081633 0.2834728033472803 0.4282312925170068 0.24372384937238495 0.42959183673469387 0.2337866108786611 0.4357142857142857 0.22698744769874477 0.4346938775510204 0.2196652719665272 0.4377551020408163 0.21338912133891214 0.4459183673469388 0.20868200836820083 0.4598639455782313 0.20815899581589958
9 0.4608843537414966 0.5366108786610879 0.463265306122449 0.5407949790794979 0.4741496598639456 0.5392259414225942 0.4989795918367347 0.5418410041841004 0.5017006802721088 0.553347280334728 0.5 0.5653765690376569 0.4969387755102041 0.5679916317991632 0.4857142857142857 0.5685146443514645 0.4496598639455782 0.5679916317991632 0.4493197278911565 0.5570083682008368 0.45510204081632655 0.5387029288702929 0.4605442176870748 0.5366108786610879
8 0.3074829931972789 0.13127615062761505 0.31564625850340133 0.1506276150627615 0.3149659863945578 0.15428870292887029 0.3081632653061224 0.1553347280334728 0.3 0.15481171548117154 0.29897959183673467 0.15219665271966526 0.3003401360544218 0.14278242677824268 0.30714285714285716 0.13127615062761505
14 0.6741496598639456 0.12133891213389121 0.6894557823129251 0.13755230125523013 0.682312925170068 0.1448744769874477 0.6731292517006803 0.14801255230125523 0.667687074829932 0.14801255230125523 0.6612244897959184 0.14382845188284518 0.6578231292517007 0.1412133891213389 0.6568027210884354 0.13702928870292888 0.6649659863945578 0.12552301255230125 0.6738095238095239 0.12133891213389121
13 0.30680272108843537 0.5407949790794979 0.31020408163265306 0.5439330543933054 0.30680272108843537 0.5643305439330544 0.30374149659863947 0.5679916317991632 0.2942176870748299 0.5658995815899581 0.2931972789115646 0.5428870292887029 0.3064625850340136 0.5407949790794979
9 0.7885044217687075 0.6950617154811716 0.7931945578231293 0.7408253138075315 0.9949598639455781 0.7380674686192469 0.9852608843537415 0.692119769874477 0.7885044217687075 0.6950617154811716
9 0.005620068027210884 0.6791265690376569 0 0.7463415271966528 0.20465306122448979 0.7392594142259414 0.2018139455782313 0.6851464435146444 0.005620068027210884 0.6791265690376569