8 0.11632653061224489 0.18200836820083682 0.11972789115646258 0.18357740585774057 0.12551020408163266 0.1950836820083682 0.12993197278911564 0.19874476987447698 0.13163265306122449 0.18880753138075315 0.1336734693877551 0.18776150627615062 0.17448979591836736 0.1997907949790795 0.17687074829931973 0.20606694560669456 0.17653061224489797 0.2160041841004184 0.1683673469387755 0.21652719665271966 0.15136054421768708 0.2102510460251046 0.1336734693877551 0.20763598326359833 0.12993197278911564 0.20292887029288703 0.12346938775510204 0.2065899581589958 0.10986394557823129 0.20292887029288703 0.10782312925170068 0.1997907949790795 0.10748299319727891 0.19299163179916318 0.11598639455782313 0.18253138075313807
4 0.26632653061224487 0.2881799163179916 0.2758503401360544 0.29236401673640167 0.2826530612244898 0.30073221757322177 0.28741496598639454 0.3158995815899582 0.28775510204081634 0.3247907949790795 0.28435374149659864 0.35564853556485354 0.2795918367346939 0.35826359832635984 0.272108843537415 0.35669456066945604 0.26598639455782314 0.3608786610878661 0.2578231292517007 0.35930962343096234 0.25170068027210885 0.35251046025104604 0.24387755102040817 0.3519874476987448 0.23979591836734693 0.34623430962343094 0.24183673469387756 0.3070083682008368 0.24761904761904763 0.2996861924686193 0.2479591836734694 0.29131799163179917 0.25544217687074827 0.2871338912133891 0.26598639455782314 0.2881799163179916
14 0.42857142857142855 0.26673640167364016 0.4384353741496599 0.27981171548117156 0.4391156462585034 0.28294979079497906 0.43537414965986393 0.2897489539748954 0.44047619047619047 0.3002092050209205 0.430952380952381 0.30073221757322177 0.41768707482993195 0.29497907949790797 0.41802721088435374 0.2907949790794979 0.42244897959183675 0.28661087866108786 0.41870748299319727 0.2756276150627615 0.42517006802721086 0.2672594142259414 0.4282312925170068 0.2672594142259414
7 0.17448979591836736 0.5842050209205021 0.18197278911564627 0.5873430962343096 0.2227891156462585 0.5862970711297071 0.22687074829931972 0.5925732217573222 0.22380952380952382 0.6030334728033473 0.21666666666666667 0.6098326359832636 0.17108843537414967 0.6119246861924686 0.16428571428571428 0.6093096234309623 0.16258503401360544 0.5998953974895398 0.16394557823129252 0.5930962343096234 0.1683673469387755 0.5862970711297071 0.17414965986394557 0.5842050209205021
9 0.2693877551020408 0.5794979079497908 0.2724489795918367 0.5836820083682008 0.2816326530612245 0.5805439330543933 0.3013605442176871 0.5805439330543933 0.3047619047619048 0.5821129707112971 0.30680272108843537 0.5878661087866108 0.3064625850340136 0.6019874476987448 0.3040816326530612 0.6056485355648535 0.27040816326530615 0.608786610878661 0.2612244897959184 0.6082635983263598 0.25952380952380955 0.6056485355648535 0.2653061224489796 0.5826359832635983 0.26904761904761904 0.5794979079497908
2 0.4051020408163265 0.5763598326359832 0.4091836734693878 0.5810669456066946 0.40782312925170067 0.5978033472803347 0.37993197278911567 0.6009414225941423 0.37517006802721087 0.600418410041841 0.37210884353741497 0.5957112970711297 0.3717687074829932 0.5836820083682008 0.373469387755102 0.5789748953974896 0.40476190476190477 0.5763598326359832
11 0.5190476190476191 0.577928870292887 0.5408163265306123 0.5815899581589958 0.5418367346938775 0.5868200836820083 0.539795918367347 0.5972803347280334 0.5343537414965986 0.6009414225941423 0.5119047619047619 0.5978033472803347 0.5098639455782313 0.5920502092050209 0.5112244897959184 0.5852510460251046 0.5146258503401361 0.5800209205020921 0.5187074829931972 0.5784518828451883
3 0.5942176870748299 0.5847280334728033 0.610204081632653 0.5951882845188284 0.6112244897959184 0.602510460251046 0.6095238095238096 0.6051255230125523 0.6003401360544217 0.6056485355648535 0.5724489795918367 0.604602510460251 0.5687074829931973 0.6009414225941423 0.5683673469387756 0.5910041841004184 0.5710884353741497 0.5847280334728033 0.5938775510204082 0.5847280334728033
7 0.6585034013605442 0.5768828451882845 0.6608843537414966 0.5800209205020921 0.6758503401360544 0.5800209205020921 0.6989795918367347 0.5852510460251046 0.6996598639455782 0.5967573221757322 0.6962585034013605 0.6030334728033473 0.6931972789115646 0.6056485355648535 0.6751700680272109 0.6077405857740585 0.6619047619047619 0.604602510460251 0.6534013605442177 0.606694560669456 0.6479591836734694 0.602510460251046 0.6469387755102041 0.5930962343096234 0.648639455782313 0.5847280334728033 0.6530612244897959 0.5774058577405857 0.6581632653061225 0.5768828451882845
10 0.8061224489795918 0.5601464435146444 0.813265306122449 0.5706066945606695 0.8115646258503402 0.5941422594142259 0.8105442176870749 0.5962343096234309 0.8078231292517006 0.5936192468619247 0.7982993197278911 0.5951882845188284 0.8081632653061225 0.5978033472803347 0.8051020408163265 0.6019874476987448 0.8064625850340136 0.6030334728033473 0.8173469387755102 0.5998953974895398 0.8244897959183674 0.5904811715481172 0.8258503401360544 0.5951882845188284 0.8244897959183674 0.6009414225941423 0.8183673469387756 0.6093096234309623 0.8040816326530612 0.6150627615062761 0.7765306122448979 0.606694560669456 0.7619047619047619 0.608786610878661 0.7605442176870748 0.6056485355648535 0.7690476190476191 0.5957112970711297 0.7751700680272109 0.5951882845188284 0.7690476190476191 0.5936192468619247 0.7676870748299319 0.5894351464435147 0.7680272108843538 0.5674686192468619 0.7972789115646258 0.569560669456067 0.8037414965986395 0.5596234309623431 0.8057823129251701 0.5601464435146444
15 0.7554421768707483 0.4388075313807531 0.7598639455782313 0.3969665271966527 0.8051020408163265 0.3833682008368201 0.8244897959183674 0.38127615062761505 0.8244897959183674 0.3969665271966527 0.8210884353741497 0.4225941422594142 0.817687074829932 0.4320083682008368 0.7591836734693878 0.4435146443514644 0.7561224489795918 0.4424686192468619 0.7557823129251701 0.4393305439330544