8 0.3258503401360544 0.13336820083682008 0.3595238095238095 0.13493723849372385 0.36156462585034016 0.13859832635983263 0.36156462585034016 0.14958158995815898 0.3598639455782313 0.15376569037656904 0.35612244897959183 0.15481171548117154 0.32006802721088434 0.15428870292887029 0.3187074829931973 0.15115062761506276 0.3193877551020408 0.1354602510460251 0.32551020408163267 0.13336820083682008
8 0.3074829931972789 0.13127615062761505 0.3163265306122449 0.14225941422594143 0.32006802721088434 0.13336820083682008 0.3578231292517007 0.1344142259414226 0.36156462585034016 0.13702928870292888 0.36156462585034016 0.15115062761506276 0.3595238095238095 0.15428870292887029 0.322108843537415 0.15481171548117154 0.31768707482993197 0.15115062761506276 0.31258503401360543 0.1553347280334728 0.30170068027210883 0.1553347280334728 0.29897959183673467 0.15271966527196654 0.3003401360544218 0.14225941422594143 0.30714285714285716 0.13127615062761505
4 0.49829931972789115 0.22646443514644352 0.5061224489795918 0.23274058577405857 0.5445578231292517 0.23221757322175732 0.5472789115646258 0.22751046025104602 0.5503401360544218 0.22698744769874477 0.5544217687074829 0.23274058577405857 0.5639455782312925 0.2337866108786611 0.5642857142857143 0.24581589958158995 0.5622448979591836 0.25418410041841005 0.5629251700680272 0.2756276150627615 0.5469387755102041 0.27876569037656906 0.4891156462585034 0.27719665271966526 0.4897959183673469 0.25313807531380755 0.4880952380952381 0.23640167364016737 0.49115646258503404 0.22698744769874477 0.49795918367346936 0.22646443514644352
14 0.6751700680272109 0.12186192468619247 0.6891156462585034 0.13598326359832635 0.6874149659863945 0.14069037656903766 0.6799319727891157 0.14748953974895398 0.6901360544217687 0.15951882845188284 0.6901360544217687 0.16422594142259414 0.6591836734693878 0.16684100418410042 0.654421768707483 0.16579497907949792 0.654421768707483 0.15951882845188284 0.6636054421768708 0.151673640167364 0.6646258503401361 0.14748953974895398 0.6571428571428571 0.14069037656903766 0.6574829931972789 0.1344142259414226 0.6687074829931973 0.12186192468619247 0.6748299319727891 0.12186192468619247
13 0.32857142857142857 0.5392259414225942 0.34625850340136055 0.5413179916317992 0.34829931972789113 0.5559623430962343 0.34625850340136055 0.5674686192468619 0.3295918367346939 0.5685146443514645 0.295578231292517 0.5679916317991632 0.2931972789115646 0.5507322175732218 0.2931972789115646 0.5434100418410042 0.29625850340136056 0.5407949790794979 0.3282312925170068 0.5392259414225942
7 0.3663265306122449 0.5392259414225942 0.3802721088435374 0.5434100418410042 0.41156462585034015 0.5439330543933054 0.413265306122449 0.5465481171548117 0.41360544217687073 0.5570083682008368 0.41020408163265304 0.5643305439330544 0.404421768707483 0.5674686192468619 0.358843537414966 0.5664225941422594 0.3551020408163265 0.5606694560669456 0.3551020408163265 0.5507322175732218 0.3578231292517007 0.5428870292887029 0.3659863945578231 0.5392259414225942
9 0.4605442176870748 0.5376569037656904 0.463265306122449 0.5407949790794979 0.4989795918367347 0.5418410041841004 0.5017006802721088 0.5517782426778243 0.5010204081632653 0.5643305439330544 0.49863945578231295 0.5674686192468619 0.4921768707482993 0.5685146443514645 0.4493197278911565 0.5674686192468619 0.4493197278911565 0.5570083682008368 0.45510204081632655 0.5397489539748954 0.4602040816326531 0.5376569037656904
9 0.5098639455782313 0.5434100418410042 0.541156462585034 0.5460251046025104 0.545578231292517 0.5543933054393305 0.5435374149659864 0.5638075313807531 0.5401360544217687 0.5674686192468619 0.5047619047619047 0.5658995815899581 0.503061224489796 0.5596234309623431 0.5034013605442177 0.5460251046025104 0.5095238095238095 0.5434100418410042
2 0.6275510204081632 0.5387029288702929 0.632312925170068 0.5428870292887029 0.6299319727891156 0.5648535564853556 0.5935374149659864 0.5669456066945606 0.5860544217687075 0.5658995815899581 0.580952380952381 0.5606694560669456 0.5806122448979592 0.549163179916318 0.5850340136054422 0.5407949790794979 0.6272108843537415 0.5387029288702929
13 0.682312925170068 0.5381799163179917 0.6955782312925171 0.5413179916317992 0.6969387755102041 0.5611924686192469 0.6938775510204082 0.5664225941422594 0.6435374149659864 0.5648535564853556 0.6431972789115646 0.5434100418410042 0.6448979591836734 0.5397489539748954 0.6819727891156463 0.5381799163179917
4 0.45714285714285713 0.20815899581589958 0.46462585034013604 0.20972803347280336 0.4738095238095238 0.21652719665271966 0.4775510204081633 0.223326359832636 0.4806122448979592 0.23901673640167365 0.4772108843537415 0.28190376569037656 0.47346938775510206 0.28661087866108786 0.4629251700680272 0.28661087866108786 0.45374149659863944 0.29341004184100417 0.4459183673469388 0.2918410041841004 0.4418367346938776 0.2871338912133891 0.42891156462585034 0.2850418410041841 0.4275510204081633 0.2651673640167364 0.42959183673469387 0.23430962343096234 0.4387755102040816 0.22698744769874477 0.4387755102040816 0.22384937238493724 0.4357142857142857 0.22228033472803346 0.43537414965986393 0.2170502092050209 0.44421768707482995 0.20972803347280336 0.4568027210884354 0.20815899581589958
8 0.3078231292517007 0.13179916317991633 0.31564625850340133 0.15115062761506276 0.3153061224489796 0.15428870292887029 0.3054421768707483 0.1553347280334728 0.3003401360544218 0.15481171548117154 0.29897959183673467 0.1506276150627615 0.304421768707483 0.13389121338912133 0.3074829931972789 0.13179916317991633