9 0.03163265306122449 0.696652719665272 0.03231292517006803 0.7097280334728033 0.03537414965986395 0.7118200836820083 0.04693877551020408 0.7013598326359832 0.11666666666666667 0.698744769874477 0.12585034013605442 0.7024058577405857 0.12482993197278912 0.7107740585774058 0.1261904761904762 0.7128661087866108 0.1282312925170068 0.7086820083682008 0.1360544217687075 0.7065899581589958 0.1891156462585034 0.7060669456066946 0.2030612244897959 0.7086820083682008 0.2030612244897959 0.7191422594142259 0.19149659863945578 0.7222803347280334 0.15170068027210884 0.7233263598326359 0.1292517006802721 0.7233263598326359 0.11904761904761904 0.7196652719665272 0.11020408163265306 0.7306485355648535 0.09421768707482993 0.7348326359832636 0.008843537414965987 0.7400627615062761 0 0.7390167364016736 0 0.7149581589958159 0.012244897959183673 0.7118200836820083 0.017006802721088437 0.702928870292887 0.02891156462585034 0.6956066945606695 0.031292517006802724 0.696652719665272
9 0.8721088435374149 0.6961297071129707 0.8799319727891156 0.6992677824267782 0.8891156462585034 0.7139121338912134 0.8928571428571429 0.7264644351464435 0.891156462585034 0.7306485355648535 0.8802721088435375 0.7332635983263598 0.8071428571428572 0.733786610878661 0.7989795918367347 0.731694560669456 0.7972789115646258 0.7233263598326359 0.7918367346938775 0.7139121338912134 0.7931972789115647 0.7086820083682008 0.8013605442176871 0.7071129707112971 0.8030612244897959 0.698744769874477 0.8717687074829932 0.6961297071129707
8 0.30714285714285716 0.13179916317991633 0.3142857142857143 0.1412133891213389 0.3187074829931973 0.13336820083682008 0.3585034013605442 0.1344142259414226 0.36156462585034016 0.13755230125523013 0.36156462585034016 0.15115062761506276 0.35578231292517004 0.15481171548117154 0.32108843537414966 0.15428870292887029 0.31768707482993197 0.15219665271966526 0.3006802721088435 0.15481171548117154 0.29897959183673467 0.15115062761506276 0.3003401360544218 0.14225941422594143 0.30680272108843537 0.13232217573221758
14 0.673469387755102 0.12186192468619247 0.6891156462585034 0.13598326359832635 0.6836734693877551 0.14801255230125523 0.6904761904761905 0.16213389121338911 0.6887755102040817 0.16527196652719664 0.6642857142857143 0.16684100418410042 0.654421768707483 0.16527196652719664 0.654421768707483 0.1600418410041841 0.6608843537414966 0.14853556485355648 0.6571428571428571 0.1412133891213389 0.6568027210884354 0.13598326359832635 0.6680272108843538 0.12238493723849372 0.6731292517006803 0.12186192468619247
4 0.49795918367346936 0.22646443514644352 0.5057823129251701 0.23221757322175732 0.5438775510204081 0.23117154811715482 0.5503401360544218 0.22698744769874477 0.5540816326530612 0.23169456066945607 0.5636054421768707 0.23326359832635984 0.5649659863945579 0.23640167364016737 0.5622448979591836 0.25732217573221755 0.5625850340136055 0.2735355648535565 0.5608843537414966 0.27719665271966526 0.5051020408163265 0.2792887029288703 0.49115646258503404 0.2792887029288703 0.4884353741496599 0.2756276150627615 0.4897959183673469 0.2547071129707113 0.48775510204081635 0.23692468619246862 0.4914965986394558 0.22751046025104602 0.4976190476190476 0.22646443514644352
13 0.30680272108843537 0.5397489539748954 0.34285714285714286 0.5397489539748954 0.35 0.5460251046025104 0.35 0.5638075313807531 0.3479591836734694 0.5664225941422594 0.3122448979591837 0.5685146443514645 0.2972789115646258 0.5685146443514645 0.2938775510204082 0.5638075313807531 0.2935374149659864 0.5428870292887029 0.29591836734693877 0.5402719665271967 0.3064625850340136 0.5397489539748954
9 0.46258503401360546 0.5387029288702929 0.4989795918367347 0.5428870292887029 0.5006802721088436 0.5465481171548117 0.5003401360544217 0.5638075313807531 0.49829931972789115 0.5674686192468619 0.4931972789115646 0.5679916317991632 0.45068027210884354 0.5674686192468619 0.4496598639455782 0.5564853556485355 0.4554421768707483 0.5392259414225942 0.46224489795918366 0.5387029288702929
9 0.530952380952381 0.5392259414225942 0.5326530612244897 0.5397489539748954 0.5319727891156463 0.5439330543933054 0.539795918367347 0.5439330543933054 0.5438775510204081 0.551255230125523 0.5445578231292517 0.5580543933054394 0.5428571428571428 0.5622384937238494 0.539795918367347 0.5664225941422594 0.5156462585034014 0.5674686192468619 0.5057823129251701 0.5669456066945606 0.5034013605442177 0.5643305439330544 0.5037414965986394 0.5486401673640168 0.5306122448979592 0.5392259414225942
2 0.6027210884353742 0.5392259414225942 0.6302721088435375 0.5407949790794979 0.6319727891156462 0.5465481171548117 0.6302721088435375 0.5617154811715481 0.6265306122448979 0.5648535564853556 0.5931972789115646 0.5669456066945606 0.5846938775510204 0.5653765690376569 0.5806122448979592 0.5606694560669456 0.580952380952381 0.5465481171548117 0.5884353741496599 0.5387029288702929 0.6023809523809524 0.5392259414225942
13 0.6758503401360544 0.5376569037656904 0.6935374149659864 0.5392259414225942 0.6962585034013605 0.5423640167364017 0.6972789115646258 0.5622384937238494 0.6962585034013605 0.5653765690376569 0.6928571428571428 0.5664225941422594 0.6469387755102041 0.5664225941422594 0.6435374149659864 0.5643305439330544 0.6435374149659864 0.5428870292887029 0.645578231292517 0.5397489539748954 0.6755102040816326 0.5376569037656904
9 0.9462585034013605 0.7050209205020921 0.9775510204081632 0.7060669456066946 0.9846938775510204 0.7128661087866108 0.9850340136054422 0.7196652719665272 0.9251700680272109 0.7212343096234309 0.9003401360544218 0.7207112970711297 0.8962585034013606 0.7118200836820083 0.8969387755102041 0.7060669456066946 0.9459183673469388 0.7050209205020921
4 0.4598639455782313 0.20815899581589958 0.4704081632653061 0.21286610878661089 0.477891156462585 0.22384937238493724 0.4806122448979592 0.23744769874476987 0.47959183673469385 0.26098326359832635 0.47619047619047616 0.2839958158995816 0.4710884353741497 0.2871338912133891 0.463265306122449 0.28661087866108786 0.45476190476190476 0.29341004184100417 0.4486394557823129 0.29341004184100417 0.441156462585034 0.2871338912133891 0.43197278911564624 0.28661087866108786 0.427891156462585 0.2834728033472803 0.42857142857142855 0.24215481171548117 0.42993197278911566 0.2337866108786611 0.4380952380952381 0.22698744769874477 0.4380952380952381 0.22123430962343096 0.43537414965986393 0.2170502092050209 0.4377551020408163 0.21338912133891214 0.4452380952380952 0.20920502092050208 0.4595238095238095 0.20815899581589958