1 0.047619047619047616 0.5883891213389121 0.06054421768707483 0.5883891213389121 0.06904761904761905 0.5915271966527197 0.0717687074829932 0.6072175732217573 0.06870748299319727 0.6161087866108786 0.013945578231292517 0.6223849372384938 0.0037414965986394557 0.6192468619246861 0.002380952380952381 0.6161087866108786 0.002380952380952381 0.600418410041841 0.007142857142857143 0.5910041841004184 0.04727891156462585 0.5883891213389121
8 0.11734693877551021 0.18200836820083682 0.12653061224489795 0.19926778242677826 0.12959183673469388 0.19560669456066945 0.1302721088435374 0.1893305439330544 0.1326530612244898 0.18776150627615062 0.17346938775510204 0.19926778242677826 0.1758503401360544 0.2055439330543933 0.1758503401360544 0.2149581589958159 0.17346938775510204 0.2175732217573222 0.13333333333333333 0.20815899581589958 0.12755102040816327 0.20292887029288703 0.11938775510204082 0.20502092050209206 0.10952380952380952 0.20240585774058578 0.10646258503401361 0.19874476987447698 0.10612244897959183 0.19246861924686193 0.11394557823129252 0.18253138075313807 0.11700680272108843 0.18200836820083682
4 0.2602040816326531 0.28661087866108786 0.2693877551020408 0.28922594142259417 0.2789115646258503 0.29602510460251047 0.2829931972789116 0.30282426778242677 0.2870748299319728 0.3179916317991632 0.2836734693877551 0.3551255230125523 0.28061224489795916 0.3577405857740586 0.2724489795918367 0.35669456066945604 0.2653061224489796 0.36140167364016734 0.2571428571428571 0.35930962343096234 0.25170068027210885 0.35251046025104604 0.241156462585034 0.35094142259414224 0.2391156462585034 0.34623430962343094 0.241156462585034 0.3059623430962343 0.24693877551020407 0.2996861924686193 0.24591836734693878 0.29341004184100417 0.2479591836734694 0.2897489539748954 0.2598639455782313 0.28661087866108786
4 0.3085034013605442 0.3305439330543933 0.3489795918367347 0.33734309623430964 0.35374149659863946 0.34623430962343094 0.3547619047619048 0.36035564853556484 0.35272108843537414 0.3645397489539749 0.2965986394557823 0.3551255230125523 0.29489795918367345 0.35251046025104604 0.29625850340136056 0.3331589958158996 0.3 0.33002092050209203 0.3081632653061224 0.3305439330543933
14 0.42993197278911566 0.26830543933054396 0.4387755102040816 0.2824267782426778 0.4346938775510204 0.2897489539748954 0.43979591836734694 0.29916317991631797 0.43639455782312925 0.3023012552301255 0.41802721088435374 0.2965481171548117 0.4166666666666667 0.2939330543933054 0.42142857142857143 0.28661087866108786 0.41768707482993195 0.2756276150627615 0.42517006802721086 0.2672594142259414 0.42959183673469387 0.26830543933054396
13 0.15136054421768708 0.5857740585774058 0.15510204081632653 0.6040794979079498 0.15340136054421769 0.6124476987447699 0.10918367346938776 0.6171548117154811 0.09047619047619047 0.6161087866108786 0.0880952380952381 0.5925732217573222 0.09013605442176871 0.5878661087866108 0.1510204081632653 0.5857740585774058
7 0.17755102040816326 0.5852510460251046 0.22006802721088436 0.5862970711297071 0.22585034013605443 0.5910041841004184 0.22414965986394558 0.5998953974895398 0.21768707482993196 0.6093096234309623 0.18333333333333332 0.6129707112970711 0.17517006802721088 0.6098326359832636 0.1673469387755102 0.6119246861924686 0.16258503401360544 0.6056485355648535 0.1629251700680272 0.5946652719665272 0.16666666666666666 0.5873430962343096 0.17142857142857143 0.5842050209205021 0.1772108843537415 0.5852510460251046
9 0.2683673469387755 0.5794979079497908 0.272108843537415 0.5831589958158996 0.2792517006802721 0.5805439330543933 0.3013605442176871 0.5805439330543933 0.30578231292517005 0.5847280334728033 0.30578231292517005 0.602510460251046 0.3034013605442177 0.6056485355648535 0.27312925170068025 0.6082635983263598 0.2612244897959184 0.6082635983263598 0.25884353741496596 0.6056485355648535 0.2612244897959184 0.5915271966527197 0.2653061224489796 0.5800209205020921 0.2680272108843537 0.5794979079497908
2 0.4013605442176871 0.5747907949790795 0.40782312925170067 0.5747907949790795 0.4095238095238095 0.5774058577405857 0.408843537414966 0.5972803347280334 0.4034013605442177 0.600418410041841 0.39081632653061227 0.6014644351464435 0.37993197278911567 0.5993723849372385 0.3806122448979592 0.5800209205020921 0.38333333333333336 0.5768828451882845 0.4010204081632653 0.5747907949790795
13 0.42857142857142855 0.5747907949790795 0.4425170068027211 0.5753138075313807 0.4493197278911565 0.5857740585774058 0.45 0.5967573221757322 0.4261904761904762 0.5978033472803347 0.42517006802721086 0.5763598326359832 0.4282312925170068 0.5753138075313807
11 0.5306122448979592 0.5784518828451883 0.5421768707482993 0.5815899581589958 0.539795918367347 0.5983263598326359 0.5370748299319728 0.6009414225941423 0.5146258503401361 0.5993723849372385 0.5102040816326531 0.5946652719665272 0.5105442176870748 0.5862970711297071 0.5139455782312925 0.5800209205020921 0.5302721088435374 0.5784518828451883
3 0.5959183673469388 0.5857740585774058 0.5989795918367347 0.5899581589958159 0.6091836734693877 0.5946652719665272 0.6091836734693877 0.6035564853556485 0.6003401360544217 0.604602510460251 0.5707482993197279 0.6040794979079498 0.5673469387755102 0.5983263598326359 0.567687074829932 0.5883891213389121 0.5710884353741497 0.5842050209205021 0.595578231292517 0.5857740585774058
7 0.6578231292517007 0.5768828451882845 0.6608843537414966 0.5805439330543933 0.6965986394557823 0.5842050209205021 0.6986394557823129 0.5915271966527197 0.6972789115646258 0.6009414225941423 0.6931972789115646 0.6072175732217573 0.685374149659864 0.6077405857740585 0.6489795918367347 0.6051255230125523 0.6462585034013606 0.5957112970711297 0.6472789115646258 0.5862970711297071 0.6520408163265307 0.577928870292887 0.6574829931972789 0.5768828451882845
10 0.8037414965986395 0.5575313807531381 0.8074829931972789 0.5606694560669456 0.8119047619047619 0.5706066945606695 0.8108843537414966 0.5862970711297071 0.8098639455782313 0.5930962343096234 0.7989795918367347 0.5951882845188284 0.8034013605442177 0.5988493723849372 0.8071428571428572 0.5978033472803347 0.8091836734693878 0.6014644351464435 0.8139455782312925 0.6014644351464435 0.8244897959183674 0.5904811715481172 0.8248299319727891 0.5962343096234309 0.8224489795918367 0.6019874476987448 0.8136054421768707 0.6124476987447699 0.8047619047619048 0.6150627615062761 0.7748299319727892 0.606694560669456 0.7595238095238095 0.606694560669456 0.7608843537414965 0.6019874476987448 0.7687074829931972 0.5951882845188284 0.7663265306122449 0.5862970711297071 0.7670068027210885 0.5674686192468619 0.7965986394557824 0.569560669456067 0.8034013605442177 0.5580543933054394
15 0.822108843537415 0.38023012552301255 0.8241496598639456 0.38702928870292885 0.8197278911564626 0.4273012552301255 0.8173469387755102 0.4320083682008368 0.758843537414966 0.4435146443514644 0.7554421768707483 0.4424686192468619 0.754421768707483 0.4377615062761506 0.7564625850340136 0.40794979079497906 0.7591836734693878 0.3969665271966527 0.8030612244897959 0.3833682008368201 0.8217687074829932 0.38023012552301255