8 0.13401360544217686 0.18776150627615062 0.1738095238095238 0.19926778242677826 0.1758503401360544 0.2065899581589958 0.17414965986394557 0.2170502092050209 0.13231292517006804 0.20711297071129708 0.12789115646258503 0.20292887029288703 0.1272108843537415 0.19926778242677826 0.12993197278911564 0.1893305439330544 0.1336734693877551 0.18776150627615062
4 0.2653061224489796 0.28765690376569036 0.2795918367346939 0.29707112970711297 0.2860544217687075 0.3132845188284519 0.2870748299319728 0.32217573221757323 0.28401360544217685 0.35460251046025104 0.27993197278911564 0.3577405857740586 0.2717687074829932 0.35669456066945604 0.2653061224489796 0.3608786610878661 0.2571428571428571 0.35930962343096234 0.25170068027210885 0.3530334728033473 0.241156462585034 0.35094142259414224 0.23877551020408164 0.34623430962343094 0.241156462585034 0.3049163179916318 0.24761904761904763 0.2996861924686193 0.24693877551020407 0.2928870292887029 0.24863945578231292 0.28922594142259417 0.25578231292517006 0.28661087866108786 0.2649659863945578 0.28765690376569036
4 0.30578231292517005 0.32897489539748953 0.33537414965986395 0.33263598326359833 0.3520408163265306 0.3399581589958159 0.3547619047619048 0.34518828451882844 0.3551020408163265 0.3561715481171548 0.3523809523809524 0.3713389121338912 0.32891156462585036 0.3608786610878661 0.2945578231292517 0.3530334728033473 0.2965986394557823 0.3310669456066946 0.3054421768707483 0.32897489539748953
13 0.25272108843537416 0.45658995815899583 0.2585034013605442 0.4602510460251046 0.30374149659863947 0.45972803347280333 0.32789115646258504 0.46338912133891214 0.34251700680272107 0.4618200836820084 0.354421768707483 0.4675732217573222 0.354421768707483 0.48064853556485354 0.34965986394557824 0.4837866108786611 0.24047619047619048 0.47751046025104604 0.2370748299319728 0.47384937238493724 0.23741496598639455 0.4602510460251046 0.2523809523809524 0.45658995815899583
14 0.42891156462585034 0.2672594142259414 0.4377551020408163 0.2792887029288703 0.4384353741496599 0.28294979079497906 0.4357142857142857 0.2897489539748954 0.43945578231292515 0.3002092050209205 0.4370748299319728 0.30177824267782427 0.41802721088435374 0.2965481171548117 0.4170068027210884 0.2939330543933054 0.4200680272108844 0.2871338912133891 0.41802721088435374 0.274581589958159 0.42517006802721086 0.26673640167364016 0.42857142857142855 0.2672594142259414
13 0.1377551020408163 0.5857740585774058 0.15136054421768708 0.5857740585774058 0.15272108843537416 0.5878661087866108 0.1554421768707483 0.6082635983263598 0.154421768707483 0.6124476987447699 0.12210884353741497 0.6166317991631799 0.09047619047619047 0.6161087866108786 0.08741496598639456 0.5915271966527197 0.09829931972789116 0.5862970711297071 0.13741496598639455 0.5857740585774058
7 0.17482993197278912 0.5842050209205021 0.21836734693877552 0.5857740585774058 0.22312925170068026 0.5873430962343096 0.22585034013605443 0.5915271966527197 0.22142857142857142 0.6051255230125523 0.21666666666666667 0.6098326359832636 0.1826530612244898 0.6119246861924686 0.1673469387755102 0.6119246861924686 0.16224489795918368 0.6056485355648535 0.16360544217687076 0.5920502092050209 0.16870748299319727 0.5852510460251046 0.17448979591836736 0.5842050209205021
9 0.26632653061224487 0.5789748953974896 0.272108843537415 0.5821129707112971 0.30170068027210883 0.5805439330543933 0.3054421768707483 0.5847280334728033 0.30374149659863947 0.604602510460251 0.26904761904761904 0.608786610878661 0.2585034013605442 0.6056485355648535 0.25952380952380955 0.5946652719665272 0.26598639455782314 0.5789748953974896
13 0.45 0.5747907949790795 0.4527210884353742 0.5789748953974896 0.4530612244897959 0.5951882845188284 0.44387755102040816 0.5988493723849372 0.42517006802721086 0.5983263598326359 0.41802721088435374 0.5883891213389121 0.4163265306122449 0.577928870292887 0.4217687074829932 0.5742677824267782 0.4496598639455782 0.5747907949790795
11 0.5210884353741496 0.577928870292887 0.541156462585034 0.5810669456066946 0.5404761904761904 0.5925732217573222 0.5357142857142857 0.600418410041841 0.5108843537414965 0.5972803347280334 0.5095238095238095 0.5904811715481172 0.5115646258503401 0.5836820083682008 0.5207482993197279 0.577928870292887
7 0.6581632653061225 0.5774058577405857 0.6605442176870748 0.5800209205020921 0.6948979591836735 0.5826359832635983 0.6976190476190476 0.5852510460251046 0.6986394557823129 0.5962343096234309 0.6976190476190476 0.600418410041841 0.6925170068027211 0.6056485355648535 0.6578231292517007 0.6040794979079498 0.6547619047619048 0.606694560669456 0.6506802721088435 0.606694560669456 0.6472789115646258 0.6019874476987448 0.6462585034013606 0.5910041841004184 0.6510204081632653 0.5789748953974896 0.6540816326530612 0.5763598326359832 0.6578231292517007 0.5774058577405857
10 0.8057823129251701 0.5638075313807531 0.8115646258503402 0.5706066945606695 0.8081632653061225 0.6019874476987448 0.8142857142857143 0.6009414225941423 0.8248299319727891 0.5910041841004184 0.8241496598639456 0.5983263598326359 0.8173469387755102 0.6093096234309623 0.8071428571428572 0.6145397489539749 0.7931972789115647 0.6129707112970711 0.7792517006802722 0.6072175732217573 0.7619047619047619 0.608786610878661 0.7598639455782313 0.6061715481171548 0.7612244897959184 0.6014644351464435 0.7687074829931972 0.5951882845188284 0.7663265306122449 0.5847280334728033 0.7673469387755102 0.5674686192468619 0.7965986394557824 0.5690376569037657 0.8054421768707483 0.5638075313807531
15 0.8231292517006803 0.38127615062761505 0.8238095238095238 0.39539748953974896 0.8197278911564626 0.42782426778242677 0.8173469387755102 0.4320083682008368 0.7615646258503401 0.4429916317991632 0.7561224489795918 0.4429916317991632 0.754421768707483 0.44037656903765693 0.7564625850340136 0.40690376569037656 0.758843537414966 0.39644351464435146 0.8020408163265306 0.3833682008368201 0.8227891156462585 0.38127615062761505